procs -----------memory---------- ---swap-- -----io---- -system-- ------cpu-----
 r  b   swpd   free   buff  cache   si   so    bi    bo   in   cs us sy id wa st
 1  0   5632  78540 233680 1058984    0    0     0     0 1204 2614  0  0 100  0  0
 0  0   5632  78540 233680 1058984    0    0     0     0 1259 2723  2  4 94  0  0
 0  0   5632  78572 233680 1058984    0    0     0     0 1169 2541  1  0 99  0  0
 0  0   5632  78572 233680 1058984    0    0     0     0 1222 2653  0  0 100  0  0
 1  0   5632  78572 233680 1058984    0    0     0    12 1219 2641  1  1 98  0  0
 0  0   5632  78448 233680 1058984    0    0     0     0 1226 2649  3  1 96  0  0
 1  0   5632  78448 233680 1058984    0    0     0     0 1218 2631  0  0 100  0  0
 0  0   5632  78480 233680 1058984    0    0     0    20 1183 2554  0  1 99  0  0
 1  0   5632  78480 233680 1058984    0    0     0     0 1200 2599  2  2 96  0  0
 0  0   5632  78480 233680 1058984    0    0     0     0 1205 2588  2  1 97  0  0
 0  0   5632  78480 233680 1058984    0    0     0     0 1206 2600  0  1 99  0  0
 0  0   5632  78480 233680 1058984    0    0     0     0 1209 2628  0  1 99  0  0
 0  0   5632  78480 233680 1058984    0    0     0     0 1212 2619  2  0 98  0  0
 1  0   5632  78480 233680 1058984    0    0     0     0 1188 2598  1  1 98  0  0
 0  0   5632  78480 233680 1058984    0    0     0     0 1211 2624  2  1 97  0  0
 1  0   5632  78480 233680 1058984    0    0     0     0 1211 2607  0  1 99  0  0
 0  0   5632  78512 233680 1058988    0    0     0     0 1295 2815  2  2 96  0  0
 0  0   5632  78512 233680 1058988    0    0     0     0 1247 2667  1  1 98  0  0
 0  0   5632  78544 233680 1058988    0    0     0     0 1231 2649  1  0 99  0  0
 0  0   5632  78544 233680 1058988    0    0     0     0 1254 2675  1  2 97  0  0
 2  0   6400 115892 145244 627604    0  704     4   704 1399 3030 15 52 33  0  0
 1  0  12544  76472  36148 214160    0 6280   132  6280 1574 3332 41 59  0  0  0
 1  0  12544  76508  36156 214184    0    0     0    12 1397 2681 98  2  0  0  0
 1  0  12544  76540  36156 214192    0    0     0     0  976 1883 99  1  0  0  0
 1  0  12544  75084  36156 216048    0    0  1880     0 1555 2986 99  1  0  0  0
 1  0  12544  75084  36156 216072    0    0     0     0 1143 2217 98  2  0  0  0
 1  0  12544  75084  36156 216072    0    0     0     0 1416 2707 100  0  0  0  0
 1  0  12544  75116  36156 216072    0    0     0     0 1379 2587 98  2  0  0  0
 1  0  12544  75116  36156 216136    0    0    48     0 1491 2873 97  3  0  0  0
 1  0  12544  75148  36156 216120    0    0     0     0 1147 2179 99  1  0  0  0
 1  0  12544  75148  36156 216120    0    0     0     0 1424 2697 99  1  0  0  0
 1  0  12544  75212  36156 216120    0    0     0     0 1488 2812 98  2  0  0  0
 1  0  12544  75212  36156 216120    0    0     0     0 1343 2526 99  1  0  0  0
 1  0  12544  75212  36156 216120    0    0     0     0 1422 2702 100  0  0  0  0
 1  0  12544  75212  36156 216120    0    0     0     0 1140 2166 99  1  0  0  0
 1  0  12544  75120  36156 216120    0    0     0     0 1411 2664 99  1  0  0  0
 1  0  12544  75120  36160 216116    0    0     4     0 1322 2531 96  4  0  0  0
 1  0  12544  75152  36168 216116    0    0     0    24 1421 2644 99  1  0  0  0
 1  0  12544  75152  36168 216120    0    0     0     0  893 1730 97  3  0  0  0
procs -----------memory---------- ---swap-- -----io---- -system-- ------cpu-----
 r  b   swpd   free   buff  cache   si   so    bi    bo   in   cs us sy id wa st
 1  0  12544  75184  36168 216120    0    0     0     0 1401 2687 98  2  0  0  0
 1  0  12544  74416  36168 216120    0    0     0     0 1155 2205 99  1  0  0  0
 0  0  12544 1124852  36172 216120    0    0     4     0 1265 2593 36  8 54  2  0
 0  0  12544 1124852  36172 216120    0    0     0     0 1193 2621  1  1 98  0  0
 1  0  12544 1124852  36172 216120    0    0     0     0 1187 2600  1  1 98  0  0






 --------------------------------------------------------------------------------
 loop 139170 in 0.21 ms (bandwidth: 4877.10 MB/s)
loop 139586 in 201.00 ms (bandwidth: 4.98 MB/s)
loop 140471 in 0.20 ms (bandwidth: 4946.11 MB/s)
loop 140926 in 1.28 ms (bandwidth: 784.28 MB/s)
loop 141367 in 0.31 ms (bandwidth: 3226.39 MB/s)
loop 141811 in 2.31 ms (bandwidth: 432.00 MB/s)
loop 142258 in 0.36 ms (bandwidth: 2816.86 MB/s)
loop 142698 in 0.22 ms (bandwidth: 4481.09 MB/s)
loop 143137 in 0.26 ms (bandwidth: 3905.31 MB/s)
loop 143581 in 1.34 ms (bandwidth: 744.07 MB/s)
loop 144011 in 21.04 ms (bandwidth: 47.54 MB/s)
loop 144500 in 1.33 ms (bandwidth: 751.80 MB/s)
loop 144932 in 0.24 ms (bandwidth: 4100.00 MB/s)
loop 145386 in 1.35 ms (bandwidth: 738.04 MB/s)
loop 145833 in 1.52 ms (bandwidth: 656.08 MB/s)
loop 146238 in 1.45 ms (bandwidth: 689.63 MB/s)
loop 146643 in 0.36 ms (bandwidth: 2809.31 MB/s)
loop 147078 in 1.38 ms (bandwidth: 726.79 MB/s)
loop 147520 in 1.29 ms (bandwidth: 775.72 MB/s)
loop 147959 in 1.33 ms (bandwidth: 750.19 MB/s)